<!DOCTYPE HTML>
<html>
  <head>
    <meta charset="UTF-8">
    <title>TOMTOM</title>
    <script>
      // @JSON_VAR data
      var data = {
        "program": "Tomtom",
        "version": "5.2.0",
        "release": "Wed Oct 14 12:02:54 2020 -0700",
        "cmd": [
          "tomtom", "-no-ssc", "-oc", ".", "-verbosity", "1", "-min-overlap",
          "5", "-dist", "pearson", "-evalue", "-thresh", "10.0",
          "query_motifs", "db/EUKARYOTE/jolma2013.meme",
          "db/JASPAR/JASPAR2018_CORE_vertebrates_non-redundant.meme",
          "db/MOUSE/uniprobe_mouse.meme"
        ],
        "options": {
          "strands": "both",
          "distance_measure": "pearson",
          "threshold_type": "evalue",
          "threshold_value": 10,
          "background_source": "--query--"
        },
        "alphabet": {
          "name": "DNA",
          "like": "dna",
          "ncore": 4,
          "symbols": [
            {
              "symbol": "A",
              "name": "Adenine",
              "colour": "CC0000",
              "complement": "T"
            }, {
              "symbol": "C",
              "name": "Cytosine",
              "colour": "0000CC",
              "complement": "G"
            }, {
              "symbol": "G",
              "name": "Guanine",
              "colour": "FFB300",
              "complement": "C"
            }, {
              "symbol": "T",
              "aliases": "U",
              "name": "Thymine",
              "colour": "008000",
              "complement": "A"
            }, {
              "symbol": "N",
              "aliases": "X.",
              "name": "Any base",
              "equals": "ACGT"
            }, {
              "symbol": "V",
              "name": "Not T",
              "equals": "ACG"
            }, {
              "symbol": "H",
              "name": "Not G",
              "equals": "ACT"
            }, {
              "symbol": "D",
              "name": "Not C",
              "equals": "AGT"
            }, {
              "symbol": "B",
              "name": "Not A",
              "equals": "CGT"
            }, {
              "symbol": "M",
              "name": "Amino",
              "equals": "AC"
            }, {
              "symbol": "R",
              "name": "Purine",
              "equals": "AG"
            }, {
              "symbol": "W",
              "name": "Weak",
              "equals": "AT"
            }, {
              "symbol": "S",
              "name": "Strong",
              "equals": "CG"
            }, {
              "symbol": "Y",
              "name": "Pyrimidine",
              "equals": "CT"
            }, {
              "symbol": "K",
              "name": "Keto",
              "equals": "GT"
            }
          ]
        },
        "background": [0.25, 0.25, 0.25, 0.25],
        "query_dbs": [
          {
            "source": "query_motifs",
            "name": "query_motifs",
            "loaded": 100,
            "excluded": 0,
            "last_modified": "Tue Nov 24 14:47:12 2020"
          }
        ],
        "target_dbs": [
          {
            "source": "db/EUKARYOTE/jolma2013.meme",
            "name": "jolma2013",
            "loaded": 843,
            "excluded": 0,
            "last_modified": "Mon Oct 28 19:11:47 2019"
          }, {
            "source": "db/JASPAR/JASPAR2018_CORE_vertebrates_non-redundant.meme",
            "name": "JASPAR2018_CORE_vertebrates_non-redundant",
            "loaded": 579,
            "excluded": 0,
            "last_modified": "Mon Oct 28 19:11:49 2019"
          }, {
            "source": "db/MOUSE/uniprobe_mouse.meme",
            "name": "uniprobe_mouse",
            "loaded": 386,
            "excluded": 0,
            "last_modified": "Mon Oct 28 19:12:28 2019"
          }
        ],
        "queries": [
          {
            "db": 0,
            "id": "1",
            "alt": "DVWCTCTCTGC",
            "len": 11,
            "nsites": 17,
            "pwm": [
              [0.644737, 0.00146199, 0.176901, 0.176901], 
              [0.586257, 0.176901, 0.176901, 0.059942], 
              [0.527778, 0.118421, 0.118421, 0.23538], 
              [0.00146199, 0.878655, 0.059942, 0.059942], 
              [0.00146199, 0.00146199, 0.00146199, 0.995614], 
              [0.00146199, 0.995614, 0.00146199, 0.00146199], 
              [0.00146199, 0.00146199, 0.00146199, 0.995614], 
              [0.00146199, 0.937134, 0.059942, 0.00146199], 
              [0.00146199, 0.118421, 0.00146199, 0.878655], 
              [0.00146199, 0.059942, 0.761696, 0.176901], 
              [0.059942, 0.820175, 0.00146199, 0.118421]
            ]
          }, {
            "db": 0,
            "id": "10",
            "alt": "TCTCTCTCWGC",
            "len": 11,
            "nsites": 13,
            "pwm": [
              [0.0782442, 0.0019084, 0.0019084, 0.917939], 
              [0.0782442, 0.688932, 0.15458, 0.0782442], 
              [0.0019084, 0.0782442, 0.15458, 0.765267], 
              [0.0019084, 0.841603, 0.0782442, 0.0782442], 
              [0.0019084, 0.0019084, 0.0019084, 0.994275], 
              [0.0019084, 0.994275, 0.0019084, 0.0019084], 
              [0.0019084, 0.0019084, 0.0019084, 0.994275], 
              [0.0019084, 0.917939, 0.0019084, 0.0782442], 
              [0.612596, 0.0019084, 0.0782442, 0.307252], 
              [0.0019084, 0.0019084, 0.917939, 0.0782442], 
              [0.0782442, 0.688932, 0.15458, 0.0782442]
            ]
          }, {
            "db": 0,
            "id": "100",
            "alt": "TCBRASTCCGC",
            "len": 11,
            "nsites": 6,
            "pwm": [
              [0.00409836, 0.00409836, 0.168033, 0.82377], 
              [0.00409836, 0.82377, 0.168033, 0.00409836], 
              [0.00409836, 0.168033, 0.495902, 0.331967], 
              [0.331967, 0.00409836, 0.659836, 0.00409836], 
              [0.987705, 0.00409836, 0.00409836, 0.00409836], 
              [0.00409836, 0.331967, 0.659836, 0.00409836], 
              [0.00409836, 0.00409836, 0.00409836, 0.987705], 
              [0.00409836, 0.987705, 0.00409836, 0.00409836], 
              [0.00409836, 0.987705, 0.00409836, 0.00409836], 
              [0.00409836, 0.00409836, 0.987705, 0.00409836], 
              [0.168033, 0.659836, 0.168033, 0.00409836]
            ]
          }, {
            "db": 0,
            "id": "11",
            "alt": "TCTCTTTCCBC",
            "len": 11,
            "nsites": 12,
            "pwm": [
              [0.0847104, 0.00206612, 0.0847104, 0.828512], 
              [0.0847104, 0.745868, 0.167356, 0.00206612], 
              [0.00206612, 0.00206612, 0.00206612, 0.993802], 
              [0.00206612, 0.993802, 0.00206612, 0.00206612], 
              [0.00206612, 0.00206612, 0.00206612, 0.993802], 
              [0.00206612, 0.00206612, 0.00206612, 0.993802], 
              [0.00206612, 0.00206612, 0.00206612, 0.993802], 
              [0.00206612, 0.911157, 0.00206612, 0.0847104], 
              [0.0847104, 0.828512, 0.00206612, 0.0847104], 
              [0.00206612, 0.332644, 0.25, 0.41529], 
              [0.0847104, 0.745868, 0.00206612, 0.167356]
            ]
          }, {
            "db": 0,
            "id": "12",
            "alt": "WCTCACTYCYH",
            "len": 11,
            "nsites": 11,
            "pwm": [
              [0.722973, 0.00225225, 0.00225225, 0.272522], 
              [0.0923423, 0.903153, 0.00225225, 0.00225225], 
              [0.00225225, 0.00225225, 0.00225225, 0.993243], 
              [0.00225225, 0.993243, 0.00225225, 0.00225225], 
              [0.993243, 0.00225225, 0.00225225, 0.00225225], 
              [0.00225225, 0.993243, 0.00225225, 0.00225225], 
              [0.00225225, 0.00225225, 0.00225225, 0.993243], 
              [0.00225225, 0.362612, 0.00225225, 0.632883], 
              [0.00225225, 0.813063, 0.00225225, 0.182432], 
              [0.00225225, 0.542793, 0.0923423, 0.362612], 
              [0.182432, 0.362612, 0.0923423, 0.362612]
            ]
          }, {
            "db": 0,
            "id": "13",
            "alt": "WVAAACTCAGB",
            "len": 11,
            "nsites": 11,
            "pwm": [
              [0.272522, 0.00225225, 0.00225225, 0.722973], 
              [0.182432, 0.452702, 0.272522, 0.0923423], 
              [0.903153, 0.00225225, 0.00225225, 0.0923423], 
              [0.993243, 0.00225225, 0.00225225, 0.00225225], 
              [0.993243, 0.00225225, 0.00225225, 0.00225225], 
              [0.00225225, 0.993243, 0.00225225, 0.00225225], 
              [0.00225225, 0.00225225, 0.00225225, 0.993243], 
              [0.00225225, 0.993243, 0.00225225, 0.00225225], 
              [0.993243, 0.00225225, 0.00225225, 0.00225225], 
              [0.00225225, 0.00225225, 0.903153, 0.0923423], 
              [0.0923423, 0.272522, 0.272522, 0.362612]
            ]
          }, {
            "db": 0,
            "id": "14",
            "alt": "TVHYACTCAGA",
            "len": 11,
            "nsites": 11,
            "pwm": [
              [0.00225225, 0.00225225, 0.00225225, 0.993243], 
              [0.182432, 0.632883, 0.182432, 0.00225225], 
              [0.452702, 0.182432, 0.0923423, 0.272522], 
              [0.0923423, 0.632883, 0.0923423, 0.182432], 
              [0.993243, 0.00225225, 0.00225225, 0.00225225], 
              [0.00225225, 0.993243, 0.00225225, 0.00225225], 
              [0.00225225, 0.00225225, 0.00225225, 0.993243], 
              [0.00225225, 0.993243, 0.00225225, 0.00225225], 
              [0.813063, 0.0923423, 0.00225225, 0.0923423], 
              [0.00225225, 0.182432, 0.813063, 0.00225225], 
              [0.903153, 0.00225225, 0.0923423, 0.00225225]
            ]
          }, {
            "db": 0,
            "id": "15",
            "alt": "AGWAACTTGGS",
            "len": 11,
            "nsites": 11,
            "pwm": [
              [0.903153, 0.00225225, 0.00225225, 0.0923423], 
              [0.00225225, 0.0923423, 0.903153, 0.00225225], 
              [0.272522, 0.00225225, 0.00225225, 0.722973], 
              [0.903153, 0.0923423, 0.00225225, 0.00225225], 
              [0.993243, 0.00225225, 0.00225225, 0.00225225], 
              [0.00225225, 0.993243, 0.00225225, 0.00225225], 
              [0.00225225, 0.00225225, 0.00225225, 0.993243], 
              [0.0923423, 0.0923423, 0.0923423, 0.722973], 
              [0.00225225, 0.0923423, 0.813063, 0.0923423], 
              [0.00225225, 0.0923423, 0.722973, 0.182432], 
              [0.00225225, 0.272522, 0.632883, 0.0923423]
            ]
          }, {
            "db": 0,
            "id": "16",
            "alt": "TVCCTCTCMYC",
            "len": 11,
            "nsites": 11,
            "pwm": [
              [0.182432, 0.00225225, 0.00225225, 0.813063], 
              [0.632883, 0.182432, 0.182432, 0.00225225], 
              [0.0923423, 0.813063, 0.00225225, 0.0923423], 
              [0.00225225, 0.993243, 0.00225225, 0.00225225], 
              [0.00225225, 0.00225225, 0.00225225, 0.993243], 
              [0.00225225, 0.993243, 0.00225225, 0.00225225], 
              [0.00225225, 0.00225225, 0.00225225, 0.993243], 
              [0.00225225, 0.993243, 0.00225225, 0.00225225], 
              [0.542793, 0.362612, 0.00225225, 0.0923423], 
              [0.00225225, 0.272522, 0.0923423, 0.632883], 
              [0.00225225, 0.903153, 0.00225225, 0.0923423]
            ]
          }, {
            "db": 0,
            "id": "17",
            "alt": "TCYCYCTCYHC",
            "len": 11,
            "nsites": 11,
            "pwm": [
              [0.00225225, 0.00225225, 0.0923423, 0.903153], 
              [0.0923423, 0.722973, 0.182432, 0.00225225], 
              [0.00225225, 0.272522, 0.00225225, 0.722973], 
              [0.00225225, 0.993243, 0.00225225, 0.00225225], 
              [0.00225225, 0.722973, 0.00225225, 0.272522], 
              [0.00225225, 0.993243, 0.00225225, 0.00225225], 
              [0.00225225, 0.00225225, 0.00225225, 0.993243], 
              [0.00225225, 0.993243, 0.00225225, 0.00225225], 
              [0.00225225, 0.452702, 0.00225225, 0.542793], 
              [0.182432, 0.362612, 0.0923423, 0.362612], 
              [0.00225225, 0.813063, 0.00225225, 0.182432]
            ]
          }, {
            "db": 0,
            "id": "18",
            "alt": "WCKVACTCCTG",
            "len": 11,
            "nsites": 10,
            "pwm": [
              [0.200495, 0.101485, 0.00247525, 0.695545], 
              [0.00247525, 0.893564, 0.101485, 0.00247525], 
              [0.101485, 0.101485, 0.200495, 0.596535], 
              [0.200495, 0.200495, 0.497525, 0.101485], 
              [0.992574, 0.00247525, 0.00247525, 0.00247525], 
              [0.00247525, 0.992574, 0.00247525, 0.00247525], 
              [0.00247525, 0.00247525, 0.00247525, 0.992574], 
              [0.00247525, 0.992574, 0.00247525, 0.00247525], 
              [0.00247525, 0.893564, 0.101485, 0.00247525], 
              [0.00247525, 0.00247525, 0.101485, 0.893564], 
              [0.00247525, 0.00247525, 0.893564, 0.101485]
            ]
          }, {
            "db": 0,
            "id": "19",
            "alt": "ARSCACTCAGS",
            "len": 11,
            "nsites": 10,
            "pwm": [
              [0.893564, 0.00247525, 0.101485, 0.00247525], 
              [0.497525, 0.00247525, 0.497525, 0.00247525], 
              [0.00247525, 0.200495, 0.695545, 0.101485], 
              [0.00247525, 0.893564, 0.00247525, 0.101485], 
              [0.992574, 0.00247525, 0.00247525, 0.00247525], 
              [0.00247525, 0.992574, 0.00247525, 0.00247525], 
              [0.00247525, 0.00247525, 0.00247525, 0.992574], 
              [0.00247525, 0.992574, 0.00247525, 0.00247525], 
              [0.992574, 0.00247525, 0.00247525, 0.00247525], 
              [0.00247525, 0.00247525, 0.893564, 0.101485], 
              [0.101485, 0.200495, 0.596535, 0.101485]
            ]
          }, {
            "db": 0,
            "id": "2",
            "alt": "TSAAACTCCTR",
            "len": 11,
            "nsites": 16,
            "pwm": [
              [0.125776, 0.125776, 0.0015528, 0.746894], 
              [0.0636646, 0.187888, 0.622671, 0.125776], 
              [0.746894, 0.125776, 0.125776, 0.0015528], 
              [0.809006, 0.125776, 0.0636646, 0.0015528], 
              [0.995342, 0.0015528, 0.0015528, 0.0015528], 
              [0.0015528, 0.995342, 0.0015528, 0.0015528], 
              [0.0015528, 0.0015528, 0.0015528, 0.995342], 
              [0.0015528, 0.995342, 0.0015528, 0.0015528], 
              [0.0636646, 0.93323, 0.0015528, 0.0015528], 
              [0.125776, 0.0015528, 0.0015528, 0.871118], 
              [0.187888, 0.0636646, 0.622671, 0.125776]
            ]
          }, {
            "db": 0,
            "id": "20",
            "alt": "AMHAATTCCTW",
            "len": 11,
            "nsites": 10,
            "pwm": [
              [0.794554, 0.00247525, 0.00247525, 0.200495], 
              [0.299505, 0.497525, 0.101485, 0.101485], 
              [0.200495, 0.200495, 0.00247525, 0.596535], 
              [0.794554, 0.00247525, 0.101485, 0.101485], 
              [0.992574, 0.00247525, 0.00247525, 0.00247525], 
              [0.00247525, 0.00247525, 0.00247525, 0.992574], 
              [0.00247525, 0.00247525, 0.00247525, 0.992574], 
              [0.00247525, 0.992574, 0.00247525, 0.00247525], 
              [0.00247525, 0.992574, 0.00247525, 0.00247525], 
              [0.00247525, 0.00247525, 0.00247525, 0.992574], 
              [0.497525, 0.101485, 0.101485, 0.299505]
            ]
          }, {
            "db": 0,
            "id": "21",
            "alt": "WGYCTGTCCGB",
            "len": 11,
            "nsites": 10,
            "pwm": [
              [0.596535, 0.00247525, 0.101485, 0.299505], 
              [0.00247525, 0.00247525, 0.893564, 0.101485], 
              [0.00247525, 0.200495, 0.101485, 0.695545], 
              [0.101485, 0.794554, 0.101485, 0.00247525], 
              [0.00247525, 0.00247525, 0.00247525, 0.992574], 
              [0.00247525, 0.00247525, 0.992574, 0.00247525], 
              [0.00247525, 0.00247525, 0.00247525, 0.992574], 
              [0.00247525, 0.893564, 0.00247525, 0.101485], 
              [0.00247525, 0.794554, 0.00247525, 0.200495], 
              [0.00247525, 0.00247525, 0.893564, 0.101485], 
              [0.00247525, 0.596535, 0.200495, 0.200495]
            ]
          }, {
            "db": 0,
            "id": "22",
            "alt": "GVWCACTCAGC",
            "len": 11,
            "nsites": 10,
            "pwm": [
              [0.00247525, 0.00247525, 0.893564, 0.101485], 
              [0.200495, 0.200495, 0.497525, 0.101485], 
              [0.596535, 0.101485, 0.101485, 0.200495], 
              [0.101485, 0.794554, 0.101485, 0.00247525], 
              [0.992574, 0.00247525, 0.00247525, 0.00247525], 
              [0.00247525, 0.992574, 0.00247525, 0.00247525], 
              [0.00247525, 0.00247525, 0.00247525, 0.992574], 
              [0.00247525, 0.992574, 0.00247525, 0.00247525], 
              [0.992574, 0.00247525, 0.00247525, 0.00247525], 
              [0.00247525, 0.101485, 0.794554, 0.101485], 
              [0.00247525, 0.893564, 0.00247525, 0.101485]
            ]
          }, {
            "db": 0,
            "id": "23",
            "alt": "WGCCTCTMTBC",
            "len": 11,
            "nsites": 10,
            "pwm": [
              [0.695545, 0.00247525, 0.00247525, 0.299505], 
              [0.00247525, 0.00247525, 0.992574, 0.00247525], 
              [0.00247525, 0.794554, 0.00247525, 0.200495], 
              [0.00247525, 0.992574, 0.00247525, 0.00247525], 
              [0.00247525, 0.00247525, 0.00247525, 0.992574], 
              [0.00247525, 0.992574, 0.00247525, 0.00247525], 
              [0.00247525, 0.00247525, 0.00247525, 0.992574], 
              [0.200495, 0.695545, 0.00247525, 0.101485], 
              [0.101485, 0.101485, 0.00247525, 0.794554], 
              [0.00247525, 0.596535, 0.200495, 0.200495], 
              [0.00247525, 0.893564, 0.101485, 0.00247525]
            ]
          }, {
            "db": 0,
            "id": "24",
            "alt": "WCCYTCTCCBC",
            "len": 11,
            "nsites": 10,
            "pwm": [
              [0.299505, 0.00247525, 0.101485, 0.596535], 
              [0.101485, 0.794554, 0.101485, 0.00247525], 
              [0.101485, 0.794554, 0.00247525, 0.101485], 
              [0.00247525, 0.299505, 0.00247525, 0.695545], 
              [0.00247525, 0.101485, 0.00247525, 0.893564], 
              [0.00247525, 0.893564, 0.00247525, 0.101485], 
              [0.00247525, 0.00247525, 0.00247525, 0.992574], 
              [0.00247525, 0.992574, 0.00247525, 0.00247525], 
              [0.00247525, 0.794554, 0.00247525, 0.200495], 
              [0.00247525, 0.398515, 0.200495, 0.398515], 
              [0.00247525, 0.992574, 0.00247525, 0.00247525]
            ]
          }, {
            "db": 0,
            "id": "25",
            "alt": "WCCCACCCCYM",
            "len": 11,
            "nsites": 10,
            "pwm": [
              [0.695545, 0.00247525, 0.00247525, 0.299505], 
              [0.101485, 0.794554, 0.101485, 0.00247525], 
              [0.00247525, 0.893564, 0.00247525, 0.101485], 
              [0.00247525, 0.992574, 0.00247525, 0.00247525], 
              [0.992574, 0.00247525, 0.00247525, 0.00247525], 
              [0.00247525, 0.992574, 0.00247525, 0.00247525], 
              [0.00247525, 0.992574, 0.00247525, 0.00247525], 
              [0.101485, 0.893564, 0.00247525, 0.00247525], 
              [0.00247525, 0.992574, 0.00247525, 0.00247525], 
              [0.101485, 0.695545, 0.00247525, 0.200495], 
              [0.398515, 0.398515, 0.101485, 0.101485]
            ]
          }, {
            "db": 0,
            "id": "26",
            "alt": "WGTGTCTCCTR",
            "len": 11,
            "nsites": 10,
            "pwm": [
              [0.398515, 0.00247525, 0.00247525, 0.596535], 
              [0.101485, 0.101485, 0.695545, 0.101485], 
              [0.200495, 0.00247525, 0.00247525, 0.794554], 
              [0.00247525, 0.101485, 0.794554, 0.101485], 
              [0.00247525, 0.00247525, 0.00247525, 0.992574], 
              [0.00247525, 0.992574, 0.00247525, 0.00247525], 
              [0.00247525, 0.00247525, 0.00247525, 0.992574], 
              [0.00247525, 0.992574, 0.00247525, 0.00247525], 
              [0.00247525, 0.992574, 0.00247525, 0.00247525], 
              [0.00247525, 0.00247525, 0.00247525, 0.992574], 
              [0.200495, 0.00247525, 0.695545, 0.101485]
            ]
          }, {
            "db": 0,
            "id": "27",
            "alt": "AGCCACTGCSS",
            "len": 11,
            "nsites": 9,
            "pwm": [
              [0.881868, 0.00274725, 0.112637, 0.00274725], 
              [0.112637, 0.00274725, 0.881868, 0.00274725], 
              [0.00274725, 0.991758, 0.00274725, 0.00274725], 
              [0.00274725, 0.991758, 0.00274725, 0.00274725], 
              [0.991758, 0.00274725, 0.00274725, 0.00274725], 
              [0.00274725, 0.991758, 0.00274725, 0.00274725], 
              [0.00274725, 0.00274725, 0.00274725, 0.991758], 
              [0.112637, 0.00274725, 0.771978, 0.112637], 
              [0.112637, 0.771978, 0.112637, 0.00274725], 
              [0.00274725, 0.222527, 0.662088, 0.112637], 
              [0.00274725, 0.662088, 0.332417, 0.00274725]
            ]
          }, {
            "db": 0,
            "id": "28",
            "alt": "WGCCACCACGC",
            "len": 11,
            "nsites": 9,
            "pwm": [
              [0.222527, 0.00274725, 0.112637, 0.662088], 
              [0.00274725, 0.00274725, 0.881868, 0.112637], 
              [0.00274725, 0.881868, 0.00274725, 0.112637], 
              [0.00274725, 0.881868, 0.00274725, 0.112637], 
              [0.991758, 0.00274725, 0.00274725, 0.00274725], 
              [0.00274725, 0.991758, 0.00274725, 0.00274725], 
              [0.00274725, 0.991758, 0.00274725, 0.00274725], 
              [0.771978, 0.112637, 0.00274725, 0.112637], 
              [0.00274725, 0.771978, 0.112637, 0.112637], 
              [0.00274725, 0.222527, 0.771978, 0.00274725], 
              [0.00274725, 0.991758, 0.00274725, 0.00274725]
            ]
          }, {
            "db": 0,
            "id": "29",
            "alt": "AGCCCCTSCGC",
            "len": 11,
            "nsites": 9,
            "pwm": [
              [0.771978, 0.00274725, 0.00274725, 0.222527], 
              [0.00274725, 0.00274725, 0.991758, 0.00274725], 
              [0.112637, 0.881868, 0.00274725, 0.00274725], 
              [0.00274725, 0.991758, 0.00274725, 0.00274725], 
              [0.00274725, 0.991758, 0.00274725, 0.00274725], 
              [0.00274725, 0.991758, 0.00274725, 0.00274725], 
              [0.00274725, 0.00274725, 0.00274725, 0.991758], 
              [0.112637, 0.442307, 0.332417, 0.112637], 
              [0.00274725, 0.881868, 0.00274725, 0.112637], 
              [0.112637, 0.112637, 0.662088, 0.112637], 
              [0.00274725, 0.991758, 0.00274725, 0.00274725]
            ]
          }, {
            "db": 0,
            "id": "3",
            "alt": "ASACACCCCTS",
            "len": 11,
            "nsites": 16,
            "pwm": [
              [0.746894, 0.0015528, 0.125776, 0.125776], 
              [0.0636646, 0.622671, 0.312112, 0.0015528], 
              [0.684783, 0.125776, 0.0636646, 0.125776], 
              [0.0636646, 0.871118, 0.0636646, 0.0015528], 
              [0.995342, 0.0015528, 0.0015528, 0.0015528], 
              [0.0015528, 0.995342, 0.0015528, 0.0015528], 
              [0.0015528, 0.995342, 0.0015528, 0.0015528], 
              [0.0015528, 0.995342, 0.0015528, 0.0015528], 
              [0.0636646, 0.871118, 0.0015528, 0.0636646], 
              [0.0015528, 0.0636646, 0.125776, 0.809006], 
              [0.0636646, 0.187888, 0.622671, 0.125776]
            ]
          }, {
            "db": 0,
            "id": "30",
            "alt": "ACRCATCCCGC",
            "len": 11,
            "nsites": 9,
            "pwm": [
              [0.771978, 0.00274725, 0.00274725, 0.222527], 
              [0.00274725, 0.881868, 0.112637, 0.00274725], 
              [0.662088, 0.112637, 0.222527, 0.00274725], 
              [0.00274725, 0.991758, 0.00274725, 0.00274725], 
              [0.991758, 0.00274725, 0.00274725, 0.00274725], 
              [0.00274725, 0.00274725, 0.00274725, 0.991758], 
              [0.00274725, 0.991758, 0.00274725, 0.00274725], 
              [0.00274725, 0.991758, 0.00274725, 0.00274725], 
              [0.112637, 0.662088, 0.112637, 0.112637], 
              [0.00274725, 0.222527, 0.771978, 0.00274725], 
              [0.00274725, 0.771978, 0.222527, 0.00274725]
            ]
          }, {
            "db": 0,
            "id": "31",
            "alt": "ARCCACCAYGC",
            "len": 11,
            "nsites": 9,
            "pwm": [
              [0.881868, 0.00274725, 0.112637, 0.00274725], 
              [0.552198, 0.112637, 0.332417, 0.00274725], 
              [0.112637, 0.771978, 0.00274725, 0.112637], 
              [0.00274725, 0.991758, 0.00274725, 0.00274725], 
              [0.991758, 0.00274725, 0.00274725, 0.00274725], 
              [0.00274725, 0.991758, 0.00274725, 0.00274725], 
              [0.00274725, 0.991758, 0.00274725, 0.00274725], 
              [0.881868, 0.00274725, 0.112637, 0.00274725], 
              [0.00274725, 0.332417, 0.112637, 0.552198], 
              [0.00274725, 0.00274725, 0.991758, 0.00274725], 
              [0.00274725, 0.991758, 0.00274725, 0.00274725]
            ]
          }, {
            "db": 0,
            "id": "32",
            "alt": "AGCCTCTCCYB",
            "len": 11,
            "nsites": 9,
            "pwm": [
              [0.881868, 0.00274725, 0.00274725, 0.112637], 
              [0.00274725, 0.00274725, 0.991758, 0.00274725], 
              [0.00274725, 0.881868, 0.112637, 0.00274725], 
              [0.00274725, 0.991758, 0.00274725, 0.00274725], 
              [0.00274725, 0.00274725, 0.00274725, 0.991758], 
              [0.00274725, 0.991758, 0.00274725, 0.00274725], 
              [0.00274725, 0.00274725, 0.00274725, 0.991758], 
              [0.112637, 0.771978, 0.112637, 0.00274725], 
              [0.00274725, 0.991758, 0.00274725, 0.00274725], 
              [0.112637, 0.222527, 0.112637, 0.552198], 
              [0.112637, 0.332417, 0.332417, 0.222527]
            ]
          }, {
            "db": 0,
            "id": "33",
            "alt": "AGTTTCTCCKC",
            "len": 11,
            "nsites": 9,
            "pwm": [
              [0.662088, 0.112637, 0.112637, 0.112637], 
              [0.00274725, 0.00274725, 0.881868, 0.112637], 
              [0.00274725, 0.00274725, 0.00274725, 0.991758], 
              [0.00274725, 0.00274725, 0.00274725, 0.991758], 
              [0.00274725, 0.00274725, 0.00274725, 0.991758], 
              [0.00274725, 0.991758, 0.00274725, 0.00274725], 
              [0.00274725, 0.00274725, 0.00274725, 0.991758], 
              [0.112637, 0.881868, 0.00274725, 0.00274725], 
              [0.112637, 0.771978, 0.112637, 0.00274725], 
              [0.112637, 0.00274725, 0.332417, 0.552198], 
              [0.00274725, 0.881868, 0.112637, 0.00274725]
            ]
          }, {
            "db": 0,
            "id": "34",
            "alt": "WSWCACTCTYK",
            "len": 11,
            "nsites": 9,
            "pwm": [
              [0.552198, 0.00274725, 0.00274725, 0.442307], 
              [0.00274725, 0.442307, 0.552198, 0.00274725], 
              [0.442307, 0.00274725, 0.00274725, 0.552198], 
              [0.00274725, 0.881868, 0.112637, 0.00274725], 
              [0.771978, 0.00274725, 0.00274725, 0.222527], 
              [0.00274725, 0.881868, 0.112637, 0.00274725], 
              [0.00274725, 0.00274725, 0.00274725, 0.991758], 
              [0.112637, 0.881868, 0.00274725, 0.00274725], 
              [0.00274725, 0.222527, 0.00274725, 0.771978], 
              [0.00274725, 0.662088, 0.112637, 0.222527], 
              [0.112637, 0.112637, 0.222527, 0.552198]
            ]
          }, {
            "db": 0,
            "id": "35",
            "alt": "RSACACCCTGC",
            "len": 11,
            "nsites": 9,
            "pwm": [
              [0.332417, 0.00274725, 0.552198, 0.112637], 
              [0.00274725, 0.332417, 0.662088, 0.00274725], 
              [0.662088, 0.112637, 0.112637, 0.112637], 
              [0.00274725, 0.881868, 0.112637, 0.00274725], 
              [0.881868, 0.112637, 0.00274725, 0.00274725], 
              [0.00274725, 0.991758, 0.00274725, 0.00274725], 
              [0.00274725, 0.881868, 0.00274725, 0.112637], 
              [0.00274725, 0.881868, 0.112637, 0.00274725], 
              [0.00274725, 0.222527, 0.00274725, 0.771978], 
              [0.00274725, 0.00274725, 0.881868, 0.112637], 
              [0.00274725, 0.881868, 0.112637, 0.00274725]
            ]
          }, {
            "db": 0,
            "id": "36",
            "alt": "WSAGATTCYKS",
            "len": 11,
            "nsites": 9,
            "pwm": [
              [0.662088, 0.00274725, 0.00274725, 0.332417], 
              [0.112637, 0.222527, 0.662088, 0.00274725], 
              [0.991758, 0.00274725, 0.00274725, 0.00274725], 
              [0.00274725, 0.00274725, 0.991758, 0.00274725], 
              [0.991758, 0.00274725, 0.00274725, 0.00274725], 
              [0.00274725, 0.00274725, 0.00274725, 0.991758], 
              [0.00274725, 0.00274725, 0.00274725, 0.991758], 
              [0.00274725, 0.991758, 0.00274725, 0.00274725], 
              [0.112637, 0.662088, 0.00274725, 0.222527], 
              [0.112637, 0.00274725, 0.222527, 0.662088], 
              [0.00274725, 0.332417, 0.552198, 0.112637]
            ]
          }, {
            "db": 0,
            "id": "37",
            "alt": "ACCCACTCCTV",
            "len": 11,
            "nsites": 8,
            "pwm": [
              [0.867284, 0.126543, 0.00308642, 0.00308642], 
              [0.00308642, 0.990741, 0.00308642, 0.00308642], 
              [0.00308642, 0.990741, 0.00308642, 0.00308642], 
              [0.00308642, 0.990741, 0.00308642, 0.00308642], 
              [0.990741, 0.00308642, 0.00308642, 0.00308642], 
              [0.00308642, 0.990741, 0.00308642, 0.00308642], 
              [0.00308642, 0.00308642, 0.00308642, 0.990741], 
              [0.126543, 0.867284, 0.00308642, 0.00308642], 
              [0.00308642, 0.867284, 0.00308642, 0.126543], 
              [0.00308642, 0.25, 0.00308642, 0.743827], 
              [0.373457, 0.373457, 0.126543, 0.126543]
            ]
          }, {
            "db": 0,
            "id": "38",
            "alt": "GGNCACTCCCC",
            "len": 11,
            "nsites": 8,
            "pwm": [
              [0.126543, 0.00308642, 0.867284, 0.00308642], 
              [0.126543, 0.126543, 0.743827, 0.00308642], 
              [0.25, 0.496914, 0.126543, 0.126543], 
              [0.126543, 0.743827, 0.126543, 0.00308642], 
              [0.990741, 0.00308642, 0.00308642, 0.00308642], 
              [0.00308642, 0.990741, 0.00308642, 0.00308642], 
              [0.00308642, 0.00308642, 0.00308642, 0.990741], 
              [0.00308642, 0.990741, 0.00308642, 0.00308642], 
              [0.00308642, 0.990741, 0.00308642, 0.00308642], 
              [0.00308642, 0.990741, 0.00308642, 0.00308642], 
              [0.00308642, 0.867284, 0.126543, 0.00308642]
            ]
          }, {
            "db": 0,
            "id": "39",
            "alt": "TSAMACTTCTC",
            "len": 11,
            "nsites": 8,
            "pwm": [
              [0.126543, 0.00308642, 0.00308642, 0.867284], 
              [0.126543, 0.62037, 0.25, 0.00308642], 
              [0.743827, 0.126543, 0.00308642, 0.126543], 
              [0.25, 0.62037, 0.00308642, 0.126543], 
              [0.990741, 0.00308642, 0.00308642, 0.00308642], 
              [0.00308642, 0.990741, 0.00308642, 0.00308642], 
              [0.00308642, 0.00308642, 0.00308642, 0.990741], 
              [0.00308642, 0.126543, 0.00308642, 0.867284], 
              [0.00308642, 0.743827, 0.00308642, 0.25], 
              [0.00308642, 0.00308642, 0.00308642, 0.990741], 
              [0.00308642, 0.990741, 0.00308642, 0.00308642]
            ]
          }, {
            "db": 0,
            "id": "4",
            "alt": "DSYCTCTCCCC",
            "len": 11,
            "nsites": 16,
            "pwm": [
              [0.187888, 0.0015528, 0.25, 0.560559], 
              [0.0636646, 0.622671, 0.312112, 0.0015528], 
              [0.0636646, 0.25, 0.0636646, 0.622671], 
              [0.0015528, 0.809006, 0.0636646, 0.125776], 
              [0.0015528, 0.0015528, 0.0015528, 0.995342], 
              [0.0015528, 0.995342, 0.0015528, 0.0015528], 
              [0.0015528, 0.125776, 0.0015528, 0.871118], 
              [0.0015528, 0.995342, 0.0015528, 0.0015528], 
              [0.0015528, 0.93323, 0.0015528, 0.0636646], 
              [0.0015528, 0.871118, 0.0636646, 0.0636646], 
              [0.0636646, 0.746894, 0.0636646, 0.125776]
            ]
          }, {
            "db": 0,
            "id": "40",
            "alt": "WCTCAGTCCCC",
            "len": 11,
            "nsites": 8,
            "pwm": [
              [0.496914, 0.00308642, 0.126543, 0.373457], 
              [0.00308642, 0.867284, 0.126543, 0.00308642], 
              [0.00308642, 0.126543, 0.126543, 0.743827], 
              [0.00308642, 0.867284, 0.00308642, 0.126543], 
              [0.990741, 0.00308642, 0.00308642, 0.00308642], 
              [0.00308642, 0.00308642, 0.990741, 0.00308642], 
              [0.00308642, 0.00308642, 0.00308642, 0.990741], 
              [0.00308642, 0.990741, 0.00308642, 0.00308642], 
              [0.00308642, 0.990741, 0.00308642, 0.00308642], 
              [0.00308642, 0.867284, 0.126543, 0.00308642], 
              [0.126543, 0.62037, 0.126543, 0.126543]
            ]
          }, {
            "db": 0,
            "id": "41",
            "alt": "AGHCACTTGGC",
            "len": 11,
            "nsites": 8,
            "pwm": [
              [0.867284, 0.00308642, 0.00308642, 0.126543], 
              [0.126543, 0.126543, 0.743827, 0.00308642], 
              [0.25, 0.25, 0.00308642, 0.496914], 
              [0.00308642, 0.867284, 0.00308642, 0.126543], 
              [0.990741, 0.00308642, 0.00308642, 0.00308642], 
              [0.00308642, 0.990741, 0.00308642, 0.00308642], 
              [0.00308642, 0.00308642, 0.00308642, 0.990741], 
              [0.00308642, 0.00308642, 0.25, 0.743827], 
              [0.00308642, 0.00308642, 0.990741, 0.00308642], 
              [0.00308642, 0.126543, 0.743827, 0.126543], 
              [0.126543, 0.867284, 0.00308642, 0.00308642]
            ]
          }, {
            "db": 0,
            "id": "42",
            "alt": "AGAAACTCTSS",
            "len": 11,
            "nsites": 8,
            "pwm": [
              [0.990741, 0.00308642, 0.00308642, 0.00308642], 
              [0.126543, 0.126543, 0.62037, 0.126543], 
              [0.990741, 0.00308642, 0.00308642, 0.00308642], 
              [0.990741, 0.00308642, 0.00308642, 0.00308642], 
              [0.990741, 0.00308642, 0.00308642, 0.00308642], 
              [0.00308642, 0.990741, 0.00308642, 0.00308642], 
              [0.00308642, 0.00308642, 0.00308642, 0.990741], 
              [0.126543, 0.867284, 0.00308642, 0.00308642], 
              [0.126543, 0.00308642, 0.00308642, 0.867284], 
              [0.00308642, 0.496914, 0.373457, 0.126543], 
              [0.00308642, 0.496914, 0.496914, 0.00308642]
            ]
          }, {
            "db": 0,
            "id": "43",
            "alt": "ARAAACTCCWC",
            "len": 11,
            "nsites": 8,
            "pwm": [
              [0.743827, 0.00308642, 0.126543, 0.126543], 
              [0.62037, 0.126543, 0.25, 0.00308642], 
              [0.743827, 0.25, 0.00308642, 0.00308642], 
              [0.867284, 0.00308642, 0.126543, 0.00308642], 
              [0.990741, 0.00308642, 0.00308642, 0.00308642], 
              [0.00308642, 0.990741, 0.00308642, 0.00308642], 
              [0.00308642, 0.00308642, 0.00308642, 0.990741], 
              [0.00308642, 0.867284, 0.126543, 0.00308642], 
              [0.00308642, 0.990741, 0.00308642, 0.00308642], 
              [0.62037, 0.126543, 0.00308642, 0.25], 
              [0.126543, 0.867284, 0.00308642, 0.00308642]
            ]
          }, {
            "db": 0,
            "id": "44",
            "alt": "ACCCTCTYCTC",
            "len": 11,
            "nsites": 8,
            "pwm": [
              [0.743827, 0.00308642, 0.00308642, 0.25], 
              [0.00308642, 0.867284, 0.126543, 0.00308642], 
              [0.00308642, 0.990741, 0.00308642, 0.00308642], 
              [0.00308642, 0.990741, 0.00308642, 0.00308642], 
              [0.00308642, 0.00308642, 0.00308642, 0.990741], 
              [0.00308642, 0.990741, 0.00308642, 0.00308642], 
              [0.00308642, 0.00308642, 0.00308642, 0.990741], 
              [0.00308642, 0.62037, 0.00308642, 0.373457], 
              [0.00308642, 0.867284, 0.00308642, 0.126543], 
              [0.126543, 0.126543, 0.126543, 0.62037], 
              [0.00308642, 0.867284, 0.126543, 0.00308642]
            ]
          }, {
            "db": 0,
            "id": "45",
            "alt": "AGCCATTCNKH",
            "len": 11,
            "nsites": 8,
            "pwm": [
              [0.990741, 0.00308642, 0.00308642, 0.00308642], 
              [0.00308642, 0.00308642, 0.990741, 0.00308642], 
              [0.00308642, 0.990741, 0.00308642, 0.00308642], 
              [0.00308642, 0.990741, 0.00308642, 0.00308642], 
              [0.990741, 0.00308642, 0.00308642, 0.00308642], 
              [0.00308642, 0.00308642, 0.00308642, 0.990741], 
              [0.00308642, 0.00308642, 0.00308642, 0.990741], 
              [0.126543, 0.867284, 0.00308642, 0.00308642], 
              [0.126543, 0.126543, 0.25, 0.496914], 
              [0.126543, 0.00308642, 0.25, 0.62037], 
              [0.373457, 0.25, 0.126543, 0.25]
            ]
          }, {
            "db": 0,
            "id": "46",
            "alt": "ASACACTCMNG",
            "len": 11,
            "nsites": 8,
            "pwm": [
              [0.990741, 0.00308642, 0.00308642, 0.00308642], 
              [0.00308642, 0.62037, 0.25, 0.126543], 
              [0.743827, 0.126543, 0.126543, 0.00308642], 
              [0.00308642, 0.990741, 0.00308642, 0.00308642], 
              [0.990741, 0.00308642, 0.00308642, 0.00308642], 
              [0.00308642, 0.990741, 0.00308642, 0.00308642], 
              [0.00308642, 0.00308642, 0.00308642, 0.990741], 
              [0.25, 0.743827, 0.00308642, 0.00308642], 
              [0.62037, 0.25, 0.00308642, 0.126543], 
              [0.126543, 0.126543, 0.25, 0.496914], 
              [0.00308642, 0.00308642, 0.743827, 0.25]
            ]
          }, {
            "db": 0,
            "id": "47",
            "alt": "KGACCCTCTGS",
            "len": 11,
            "nsites": 8,
            "pwm": [
              [0.126543, 0.00308642, 0.25, 0.62037], 
              [0.126543, 0.00308642, 0.867284, 0.00308642], 
              [0.867284, 0.00308642, 0.00308642, 0.126543], 
              [0.00308642, 0.990741, 0.00308642, 0.00308642], 
              [0.00308642, 0.990741, 0.00308642, 0.00308642], 
              [0.00308642, 0.990741, 0.00308642, 0.00308642], 
              [0.00308642, 0.00308642, 0.00308642, 0.990741], 
              [0.00308642, 0.990741, 0.00308642, 0.00308642], 
